frame_index,code
0,m
21,a
78,e
86,i
139,m
203,a
239,e
257,i
295,m
345,a
392,e
420,i
457,m
487,a
585,e
599,i
634,m
697,a
773,e
798,i
839,m
910,a
961,e
977,i
1019,m
1048,a
1086,e
1107,i
1147,m
1183,a
1223,e
1250,i
1285,m
1333,a
1379,e
1431,i
1475,m
1523,a
1563,e
1590,i
1627,m
